--------------------------------------------------------------------------------------------------
      name:  <unnamed>
       log:  H:\ECON_404_PriceOrg_Yuya\HW1_LogFile.log
  log type:  text
 opened on:  24 Apr 2019, 17:46:40

. import excel "H:\ps1 (4).xlsx", sheet("ps1 (4)") firstrow case(upper)

. list

      +----------------------------------------------+
      |        Y          K    L        PHI        W |
      |----------------------------------------------|
   1. | 31.59819   7.883721   29   1.599994   12.721 |
   2. | 35.94536    9.27479   30   1.435395   10.547 |
   3. | 36.46672    5.19294   31   1.187248   10.032 |
   4. |   37.743   5.818835   23   1.048833   16.727 |
   5. | 38.79922   6.288987   29   1.108321   10.073 |
      |----------------------------------------------|
   6. | 41.45465   7.375768   23   1.285901   16.268 |
   7. | 41.98447   6.014661   31   1.811545    10.08 |
   8. | 42.47009   13.36715   25   1.375724   16.022 |
   9. | 43.74599    5.16549   20   2.050452   21.384 |
  10. | 44.22986   7.869543   24   1.054778   15.987 |
      |----------------------------------------------|
  11. | 47.10127   9.847326   26   1.111666   13.959 |
  12. | 47.73191   12.51215   27   1.974628   14.109 |
  13. | 48.20679   8.585717   30   1.070528   10.145 |
  14. | 49.15114   11.04856   29   1.186519    12.59 |
  15. | 49.88398   10.28925   26    1.19473   15.607 |
      |----------------------------------------------|
  16. | 50.22937   5.781713   29   1.034605   10.009 |
  17. | 50.25953   9.533387   31   1.806046   10.026 |
  18. | 50.96811   14.77298   30   1.326627   10.002 |
  19. | 51.17751   5.629947   26   1.327556   12.582 |
  20. | 51.62469   6.569252   31   1.624467   10.703 |
      |----------------------------------------------|
  21. | 51.73838   5.845078   23   1.699612   17.684 |
  22. | 52.20092   8.597745   29   1.124918   10.129 |
  23. | 52.42586   8.197261   20   1.841536   20.953 |
  24. | 52.47306    9.00428   29   1.471497   10.008 |
  25. | 52.60967   9.940329   19   1.530355   23.527 |
      |----------------------------------------------|
  26. | 52.64651   8.063921   30    1.11358   10.133 |
  27. | 53.12779   7.067452   28   1.041598   10.031 |
  28. | 54.00626   6.357276   30   1.364325   10.066 |
  29. | 54.10356   10.79626    7   1.653675   35.574 |
  30. | 54.19561   8.887094   21   1.076415   20.327 |
      |----------------------------------------------|
  31. | 54.31498   11.72121   14   1.252673   25.294 |
  32. | 54.37475   11.04966   29   1.123274   10.755 |
  33. | 55.93554   6.479867   25   1.091521   13.709 |
  34. | 56.79226   5.864399   26   1.105777   13.635 |
  35. | 57.10547   7.903456   25   1.530906   13.676 |
      |----------------------------------------------|
  36. | 57.51813   14.03284   28   1.132591   13.657 |
  37. | 57.61022   9.443249   29   1.315846   11.886 |
  38. | 57.72555   11.63247   21   1.297189   20.306 |
  39. | 58.06716   5.799664   29   1.295167   11.207 |
  40. | 58.38155   6.067823   31   1.847217   10.403 |
      |----------------------------------------------|
  41. | 58.55697   5.199175   31   1.813502   10.304 |
  42. | 58.73289   13.46912   26   1.239341   11.764 |
  43. | 58.95062   9.068437   32   1.096007   10.152 |
  44. | 59.19281   9.650406   23   1.041038   17.746 |
  45. | 59.76976   6.061153   25   1.014139   13.601 |
      |----------------------------------------------|
  46. | 59.93735   14.21788   28   1.125602   10.969 |
  47. | 60.00332   13.04885   31   1.077279   10.046 |
  48. | 60.27394   14.37513   31   1.292114   10.699 |
  49. | 60.59424   10.77146   32   1.633688    10.14 |
  50. | 60.76414   6.811416   31   1.674509   10.281 |
      |----------------------------------------------|
  51. | 60.79454   13.34844   27   1.168277   12.475 |
  52. | 61.39326   8.114884   29     1.1996   10.002 |
  53. | 61.46699   6.483108   30   1.194737    10.11 |
  54. | 61.97307   9.496279   18   1.408154    21.94 |
  55. | 62.12198   11.59414   30   2.317015   10.272 |
      |----------------------------------------------|
  56. |  62.7087   13.51365   28   1.122141   11.184 |
  57. | 62.73376   13.05146   22   1.288141   19.654 |
  58. | 62.82165   9.823722   31   1.012051     10.5 |
  59. | 63.11762   11.34186   31   1.004457   10.233 |
  60. | 63.21238   14.50219   30   1.529743   10.023 |
      |----------------------------------------------|
  61. | 63.36426   13.90433   28    1.14464   12.823 |
  62. | 63.46571   8.760912   31   1.666424   10.109 |
  63. | 63.46571   8.813636   26   1.254353   14.632 |
  64. | 63.75198   9.735704   30   1.099147   10.848 |
  65. | 64.21263   13.04493   30   1.382122    12.65 |
      |----------------------------------------------|
  66. | 64.34118   13.66448   32   1.316978   10.387 |
  67. | 64.36692   8.144152   27   1.250296    12.46 |
  68. |  64.8515   11.01766   30   1.076755       11 |
  69. | 65.00732   11.10172   24   1.491198   15.929 |
  70. | 65.07888   11.11061   27   1.514007   14.607 |
      |----------------------------------------------|
  71. | 65.21569   8.021296   28    1.32009   11.817 |
  72. | 65.59502   10.45834   29   1.038931   11.376 |
  73. | 65.71979   14.37513   28    1.54945   11.047 |
  74. | 66.28079   5.662695   28   1.137761    10.97 |
  75. | 66.38029    8.31366   32   1.224999   10.255 |
      |----------------------------------------------|
  76. | 66.57972   7.163509   14   1.547592   26.791 |
  77. | 67.27575   8.653812   30   1.770567   10.379 |
  78. | 67.51839   10.85038   31   1.486969   10.304 |
  79. | 68.10156   6.001444   30   1.462899   10.212 |
  80. | 68.10835   5.850341   32   1.619277   10.258 |
      |----------------------------------------------|
  81. |  68.1356   5.394069   30   1.199501   10.752 |
  82. |  68.4429   10.51392   28   1.884307   12.844 |
  83. | 68.45661    6.72344   29   1.764805   10.318 |
  84. | 68.81351   7.491731   30   1.210283   11.373 |
  85. | 69.19994   9.444192   24   1.075503   15.608 |
      |----------------------------------------------|
  86. | 69.26223   5.204377   30    1.79517   11.787 |
  87. | 69.64425   6.968501   28   1.388883   10.882 |
  88. |     69.7   9.146762   28    2.01339   12.257 |
  89. | 69.95134   11.41468   27   1.161862    12.22 |
  90. | 70.50616   8.387143   27    1.07382   14.044 |
      |----------------------------------------------|
  91. | 70.56257   8.214493   27   1.187507   12.939 |
  92. | 70.59787   12.48965   30   1.113649   11.456 |
  93. | 70.64023   13.05015   31   1.236173   10.187 |
  94. | 70.80291   6.826417   28   1.879339   12.714 |
  95. |  70.8879    8.30535   12   1.031434    28.51 |
      |----------------------------------------------|
  96. | 71.12223   13.61946   21   1.860453   18.973 |
  97. | 71.33591   8.801306   20   1.153112   20.702 |
  98. | 71.42158   14.96629   29   1.240953    10.34 |
  99. | 72.17545   8.551443   31   1.190736   10.019 |
 100. | 72.42125   11.96158   29   1.060457   10.896 |
      |----------------------------------------------|
 101. |  72.4285   6.270775   31    1.18879   10.326 |
 102. | 72.73335   14.01881   28   1.480175   13.904 |
 103. | 72.75516   14.08626   29   1.041708    12.34 |
 104. | 73.06869   6.610769   30   1.009272    10.57 |
 105. | 73.47166   13.91545   33   1.885853   10.909 |
      |----------------------------------------------|
 106. | 73.53783   10.73597   30   1.097012   11.178 |
 107. | 73.75142   11.15179   30   1.004121   11.643 |
 108. | 74.00999    8.91112   10   1.706799    32.19 |
 109. | 74.23978    11.9353   29   1.069358   11.061 |
 110. |  74.3884   12.91772   20   2.258814    21.37 |
      |----------------------------------------------|
 111. | 74.41071   8.310336   31   1.106693    10.07 |
 112. | 74.41816   10.67175   29    1.12291   10.265 |
 113. | 74.71645   11.40327   28   1.001001   11.778 |
 114. | 74.82858   7.197977   28   1.157115   12.131 |
 115. | 75.31657    13.8502   30    1.66027   10.059 |
      |----------------------------------------------|
 116. | 75.60331   13.44087   29   1.034508   10.024 |
 117. |  76.5313   6.747014   29   2.521364   13.747 |
 118. | 76.95341    10.0835   28   1.309965   12.824 |
 119. | 77.04579   5.193979   13   1.361409   27.885 |
 120. | 77.13831    13.1484   17   1.114275   24.427 |
      |----------------------------------------------|
 121. | 77.36231   9.941322   29   1.816443   11.765 |
 122. | 77.37006   10.09964   30   1.434075   10.404 |
 123. |  77.6957   6.364273   31   1.491377   10.066 |
 124. | 77.86683   6.708665   25    1.69951   16.276 |
 125. | 78.04611   14.58655   28   1.012827   11.282 |
      |----------------------------------------------|
 126. | 78.48439   11.90549   32   1.200341   10.001 |
 127. | 78.79897   10.25638   29   1.506938   11.597 |
 128. | 79.09109   7.351468   26   1.668158   15.212 |
 129. | 79.56703   5.785183   25   1.254027   13.392 |
 130. | 79.69446   6.725458   30   1.653212   11.308 |
      |----------------------------------------------|
 131. | 79.94189   12.18493   29   1.620444   12.199 |
 132. | 80.02988   8.036551   32   1.008509       10 |
 133. | 80.13397   8.446058   31    2.05937   10.407 |
 134. | 80.49538   9.672627   29   1.163546    11.11 |
 135. | 81.50791   9.017796   30   1.358172   10.012 |
      |----------------------------------------------|
 136. | 81.50791   11.08619   19   2.547519   21.288 |
 137. | 81.67108   13.15761   30   1.256839   11.352 |
 138. | 81.82642   5.177902   29   1.811182   11.088 |
 139. | 82.01482   10.05731   28   1.690357   13.626 |
 140. | 82.32706   9.981166   32   1.923757   10.107 |
      |----------------------------------------------|
 141. | 82.68184   8.814516   30   1.364598   12.219 |
 142. | 82.97173    14.9603   29    2.24629   11.125 |
 143. | 83.04646   11.70247   27   2.082731   13.097 |
 144. | 83.11289   7.037831   30   1.004239    10.48 |
 145. |  83.1711   7.483496   30   1.738878   10.035 |
      |----------------------------------------------|
 146. | 83.17942   10.74027   29   1.410184    11.58 |
 147. | 83.32095   6.757142   33   1.529621   10.067 |
 148. | 83.32928   11.75643   33   2.206042   10.006 |
 149. |   83.588   7.159929   30   1.850434   12.598 |
 150. | 84.33527   13.89182   24   1.631892    17.61 |
      |----------------------------------------------|
 151. |  84.5041   13.14577   27   1.148802   13.111 |
 152. | 84.99562   11.08508   31   1.568563   10.052 |
 153. | 85.00414   10.02017   30    1.05128    10.28 |
 154. | 85.04667   5.324932   28   1.011339   11.729 |
 155. | 85.26805    5.46629   29   1.751723   11.187 |
      |----------------------------------------------|
 156. | 85.29367   8.308674   30   1.866939   10.007 |
 157. | 85.35339   6.475981   26   1.536397   14.384 |
 158. | 85.60983   7.770231   30   1.874159   10.205 |
 159. |  85.7812   10.01316   30   1.513614   10.183 |
 160. | 85.79838   6.922659   33   1.082202   10.207 |
      |----------------------------------------------|
 161. | 85.98731   5.476137   25   2.035538   15.309 |
 162. | 86.65201   13.54476   31   1.341784   11.724 |
 163. | 86.73002   10.01516   29   1.049177   10.567 |
 164. |  87.0341   9.077511   23   1.773048   19.078 |
 165. |  87.3567    5.59459   32   2.033585   10.321 |
      |----------------------------------------------|
 166. | 87.36546   13.07105   30   1.709669   10.584 |
 167. | 87.54034   14.86189   31   1.231928   10.354 |
 168. | 87.61042   7.680619   30   1.105054   10.782 |
 169. | 87.71563   7.442449   30   2.133108   12.443 |
 170. | 88.00555   5.945889   27   1.215902    13.53 |
      |----------------------------------------------|
 171. | 88.07599    13.4853   29   1.020873   11.123 |
 172. | 88.08481   12.40749   30   1.677727   11.618 |
 173. | 88.28762   14.78333   30   1.343314   10.776 |
 174. |  88.3141   8.617543   29   1.121084   10.387 |
 175. | 88.51748   12.05886   21    1.19266   20.236 |
      |----------------------------------------------|
 176. | 88.60604   6.251366   25   1.172249   14.142 |
 177. | 88.75679   7.519502   31   1.678096    10.46 |
 178. | 88.78342   9.833549   29   1.923834   11.679 |
 179. | 89.16602   14.05109   29   1.044535   11.242 |
 180. |   89.282   9.629199   29   1.312534    10.82 |
      |----------------------------------------------|
 181. | 89.32667   8.020494   27   1.285207   13.101 |
 182. | 89.82829    11.0309   30    1.00549   10.481 |
 183. | 90.56793   5.585645   23    1.80114   17.837 |
 184. | 90.57696   7.511237   31   1.125593   10.075 |
 185. | 90.69482   8.818044   33   1.328858   10.449 |
      |----------------------------------------------|
 186. | 91.61546   13.45297   26   1.651097   13.752 |
 187. | 91.62463   11.95202   27   1.227721   12.635 |
 188. | 91.78053    8.94147   28   1.259607   13.268 |
 189. | 92.45296   11.77054   31   1.242319   10.009 |
 190. | 92.61954   6.613414   32   1.420146   10.217 |
      |----------------------------------------------|
 191. | 92.80495   14.51525   30   1.846109     10.3 |
 192. | 92.94427   7.459587   28    1.03247   13.299 |
 193. | 93.21421   10.13505   28   1.600922    13.45 |
 194. | 93.49426   5.704755   32   2.192188   10.009 |
 195. | 93.51293    14.7922   27   1.277417   13.251 |
      |----------------------------------------------|
 196. | 93.90656     14.282   31   1.417961   10.248 |
 197. | 94.46223   5.482712   30   2.580956   13.142 |
 198. | 94.76501   9.311032   30   1.323818   10.647 |
 199. | 94.89777   8.158825   28    1.77834    12.33 |
 200. | 95.01169   9.477304   30   1.736133   11.363 |
      |----------------------------------------------|
 201. | 95.22095   6.139848   31   1.511768   10.046 |
 202. | 95.76527   7.824815   29   1.517251   11.738 |
 203. | 96.82448   10.61959   30   1.545612   11.222 |
 204. | 96.88262   5.189825   30   1.133937       10 |
 205. | 97.37796   7.891608   32   2.157133   11.212 |
      |----------------------------------------------|
 206. | 97.42668   12.14722   29   1.104621   11.123 |
 207. | 97.58267    5.30792   30   1.117755   10.512 |
 208. | 97.63149   12.38641   31   1.648392   10.002 |
 209. | 97.64123   12.53594   28   1.153723   10.787 |
 210. | 97.69986   9.947289   29   1.392221   10.803 |
      |----------------------------------------------|
 211. | 98.07182   13.07105   31   2.593738   11.251 |
 212. | 98.10123   11.73294   29    1.39314   10.075 |
 213. | 98.21905   7.512737   29   1.110142   12.198 |
 214. | 98.28783   9.896688   28   2.005393   13.414 |
 215. | 98.28783    14.4443   25   1.501673   15.253 |
      |----------------------------------------------|
 216. | 99.21607   6.222054   31    1.58363   10.042 |
 217. | 99.56394   7.180005   27   1.279104   11.487 |
 218. | 99.78323   8.632205   25   1.738774    15.65 |
 219. | 99.83311   10.34703   30   1.904272   11.458 |
 220. | 100.1531   6.798486   23      1.542   16.509 |
      |----------------------------------------------|
 221. | 100.2232   11.07068   16   1.524673   25.349 |
 222. | 100.3636   13.07105   27   1.543141   11.515 |
 223. | 100.3937   12.33573   31   1.511557   10.944 |
 224. |  100.464    6.70196   29    1.42895   10.033 |
 225. | 100.5042   6.903994   18   1.632055   22.605 |
      |----------------------------------------------|
 226. | 100.5948   7.520255   30   1.154582   10.081 |
 227. | 100.6551    14.2321   30   1.265617   10.956 |
 228. | 100.8365   14.06515   28   2.042552   13.848 |
 229. | 100.9171   11.56866   25   1.161288   13.669 |
 230. | 101.2204   5.299434   27   1.138116   13.192 |
      |----------------------------------------------|
 231. | 101.2507   8.826865   19   1.157916   20.334 |
 232. |  101.423   12.30862   30   1.371877   11.658 |
 233. | 102.3604   8.711116   27   1.242617   12.142 |
 234. | 102.5653   13.00716   31   1.502004   10.032 |
 235. | 102.5653   13.42475   30   2.077863   10.115 |
      |----------------------------------------------|
 236. | 102.5756   13.77699   32   2.712742   11.675 |
 237. | 102.6782    5.05208   30   1.067298   10.046 |
 238. |  102.709   6.893645   30     1.4813   10.703 |
 239. |  102.709   10.37916   21   2.023523   21.031 |
 240. | 102.7809    7.86325   31    1.97609   10.124 |
      |----------------------------------------------|
 241. | 103.0485    5.10847   28   1.634995   13.643 |
 242. | 103.0898   11.39757   31   1.348321   10.034 |
 243. | 103.3271   6.606143   26   1.216279   13.224 |
 244. | 103.3581   6.249491   29   2.091957   11.853 |
 245. | 103.3685   12.06128   27   1.128363   13.568 |
      |----------------------------------------------|
 246. | 103.6894   6.479867   29   2.130763   13.329 |
 247. | 103.9282   6.357276   31   2.646876   10.172 |
 248. | 104.0322   13.74259   31   1.831802   10.881 |
 249. | 104.0529   14.10741   30   1.244209   10.016 |
 250. | 104.6059   5.438482   32   1.814664   10.041 |
      |----------------------------------------------|
 251. | 105.0147   10.62171   29   1.152856   10.646 |
 252. | 105.2144   8.458738   27   1.449415   12.351 |
 253. | 105.4145   6.730167   30   1.396376   10.177 |
 254. |  105.615   8.440148   29   2.038879   12.313 |
 255. | 105.6255   8.517306   30   2.243237   11.022 |
      |----------------------------------------------|
 256. | 105.6889   14.30058   28   1.248946   11.093 |
 257. | 105.8264   12.91772   30   1.382481   10.004 |
 258. | 105.9429   14.29629   21   1.610879   19.637 |
 259. | 106.0595   9.616689   28   1.468792   13.573 |
 260. | 106.6444   5.591234   32   1.625865   10.191 |
      |----------------------------------------------|
 261. | 106.9755    7.80996   31   1.515916   10.627 |
 262. | 107.1468   12.20444   26   2.460587    16.54 |
 263. | 107.4043   6.137393   28   1.988379   13.586 |
 264. | 107.5333   9.176997   24   1.746721   16.354 |
 265. | 107.6946   8.417392   29   1.429122   10.284 |
      |----------------------------------------------|
 266. | 107.7593   14.68461   31   1.694656   11.316 |
 267. | 107.8024   14.24491   29   1.402337   12.982 |
 268. |  107.824   10.44684   29   1.755371   11.494 |
 269. | 108.2778   7.939894   29   2.321608   13.486 |
 270. | 108.5054   8.675475   32   1.851359   10.531 |
      |----------------------------------------------|
 271. | 108.8314   5.732777   28   1.775248   13.406 |
 272. | 108.8423    7.73844   30   1.139715   10.134 |
 273. | 109.2239   12.25091   30   1.247773   10.167 |
 274. | 109.6727   9.102053   24   1.119151   15.979 |
 275. | 109.7824   8.430871   31   1.548737   11.532 |
      |----------------------------------------------|
 276. | 110.0132   6.117785   10   2.474009   32.129 |
 277. | 110.1343   8.965644   27   1.060364   13.494 |
 278. | 110.2444   11.19201   21   1.107361    19.22 |
 279. | 110.2996   13.52311   30   2.451941   12.815 |
 280. | 110.4541    9.35864   32   1.462372   10.008 |
      |----------------------------------------------|
 281. | 110.6974   8.568562   22   1.579139   17.899 |
 282. | 110.7084   9.105695   29   1.410438   11.867 |
 283. | 110.8081   10.82762   32   1.991564   10.215 |
 284. | 111.3079   14.31489   27   1.530815    14.67 |
 285. | 111.3301   8.240822   29   1.262331   10.288 |
      |----------------------------------------------|
 286. | 111.5754   6.094581   29   1.033615   10.486 |
 287. | 111.8994   13.34844   32   1.699034   11.316 |
 288. | 111.9889   11.82836   29   1.124522    10.64 |
 289. | 112.2805   11.46845   29   1.585945   10.466 |
 290. | 112.4378   12.74195   31   1.111053   10.141 |
      |----------------------------------------------|
 291. | 112.6178   12.32833   29   1.504951    11.44 |
 292. | 112.8094   11.38959   32   1.900734   10.024 |
 293. |  112.911   10.02217   28   1.540243   13.554 |
 294. | 113.0692   5.297314   28   1.677425   13.979 |
 295. | 113.1145   11.45126   30   1.764275   10.786 |
      |----------------------------------------------|
 296. | 113.3749    7.08656   30   2.256015   10.859 |
 297. | 113.4089   7.486489   32   1.705571   10.016 |
 298. | 113.6132   5.044003   27   1.956936   15.629 |
 299. | 113.8862   7.882144   31   2.142043   10.115 |
 300. | 114.1256   10.06536   29   1.477808   12.992 |
      |----------------------------------------------|
 301. | 114.4228   11.77643   31   1.349427   10.016 |
 302. | 114.5716    8.32281   30   1.751934   10.918 |
 303. | 114.5831   10.45625   28   1.151673   10.349 |
 304. | 114.5831    13.3351   24   1.615751   15.646 |
 305. | 114.9963   7.260872   27   1.360075   11.922 |
      |----------------------------------------------|
 306. | 115.0078   13.21563   32   1.930425   10.878 |
 307. | 115.0078   14.93041   31   1.891216   10.745 |
 308. | 115.1574   6.663201   31   1.727094   11.098 |
 309. | 115.1805   6.630631   31    1.68196   10.091 |
 310. | 115.3418   7.316998   26   1.867125   15.012 |
      |----------------------------------------------|
 311. | 115.3764   7.542095   32   1.951855   11.087 |
 312. | 115.6421   5.567243   25    1.72385    15.96 |
 313. | 115.6652   6.704641   29    2.53233   12.441 |
 314. | 115.8273   6.999928   31   1.793376   10.042 |
 315. | 115.8968    9.76398   28   2.111376   14.949 |
      |----------------------------------------------|
 316. | 116.1404   11.62317   31   2.141871   10.939 |
 317. | 116.1637    7.39571   30   1.145913   10.029 |
 318. | 116.1752   10.04224   20   1.015468   19.516 |
 319. | 116.1869   13.39927   31   2.245527   10.752 |
 320. | 116.7226   12.45348   30   1.159972   10.332 |
      |----------------------------------------------|
 321. | 116.7926   9.533387   28    1.00408   10.929 |
 322. | 117.4955   11.48911   30   1.404302   11.384 |
 323. | 118.0372   9.067531   33   2.362546   10.102 |
 324. | 118.4037   14.73904   30   1.783076   10.954 |
 325. | 118.6052    5.51626   29   1.188921   11.117 |
      |----------------------------------------------|
 326. | 118.6526   10.35532   30   1.403038   11.078 |
 327. | 118.7951   5.018846   30   1.673404   10.792 |
 328. | 119.1162   14.83664   27   1.026877   12.559 |
 329. | 119.3786    5.51957   30   1.437866   10.854 |
 330. | 119.5817   14.46309   31   1.435223   11.804 |
      |----------------------------------------------|
 331. | 119.6655   5.773047   31   1.290178   10.004 |
 332. | 119.8211   8.475674   31   1.999666   10.978 |
 333. |  120.121   9.753245   31   1.891708    10.99 |
 334. | 120.2893   8.608068   32    1.72851   10.591 |
 335. | 121.6563   12.99546   31   1.447619   10.749 |
      |----------------------------------------------|
 336. | 121.7659   14.97227   30   1.687925   11.003 |
 337. | 122.0096   9.957241   25   1.441782   16.353 |
 338. | 122.1317   9.459315   27   1.342267    15.29 |
 339. |  122.205   11.56866   28   1.584042   10.014 |
 340. | 122.4619   6.794409   31   2.598774   12.137 |
      |----------------------------------------------|
 341. | 122.5722   5.115116   32   1.010403   10.086 |
 342. | 123.2482    11.6896   29   1.455748   13.149 |
 343. | 123.4826   9.456478   30   1.697166       10 |
 344. | 123.7174   10.71024   30   1.106489   10.211 |
 345. | 123.7793   11.34866   31   1.329204     10.6 |
      |----------------------------------------------|
 346. | 123.8784   8.164537   31   1.843637    10.02 |
 347. | 123.9899   13.86406   29   1.612039   10.293 |
 348. | 124.0271   5.838653   32   1.601211    10.28 |
 349. | 124.0395   10.26254   30   2.536386   10.669 |
 350. | 124.1139   13.57731   26   1.719133   12.781 |
      |----------------------------------------------|
 351. | 124.1885   13.14708   26   1.032786   14.508 |
 352. | 124.3003   6.941376   32   1.469144   10.644 |
 353. | 124.3251   9.794294   30   1.233382   10.201 |
 354. | 124.3624   9.823722   19   2.581886   22.754 |
 355. | 124.5864   12.86358   31   1.771807   11.635 |
      |----------------------------------------------|
 356. | 124.6613   7.144194   30   1.068524   10.037 |
 357. | 125.0358   6.776766   31   1.435366   10.655 |
 358. | 125.2861   9.470673   31   1.708029   11.579 |
 359. | 125.5118   13.75222   30   1.805468    11.86 |
 360. | 125.5872   10.60261   32   1.985359   10.002 |
      |----------------------------------------------|
 361. | 126.2672     13.515   29   1.000688   10.012 |
 362. | 126.3935   12.76491   32   1.753511    10.41 |
 363. |  126.862   7.614086   32   2.573122   10.002 |
 364. | 126.8874   6.367456   28   1.646118   12.712 |
 365. | 127.0017   12.42487   31   1.611201   10.018 |
      |----------------------------------------------|
 366. |  127.116    10.9266   23   1.098305   16.433 |
 367. | 127.1541   10.09157   31   2.662379   10.458 |
 368. | 127.3705   14.20935   33   2.111968   10.007 |
 369. | 127.4596   11.64294   30   1.761561   10.123 |
 370. | 127.9322   14.17103   28   1.014245   11.753 |
      |----------------------------------------------|
 371. | 128.0217   12.63032   32   2.468523   10.336 |
 372. | 128.1626   8.589152   32   1.317242   10.175 |
 373. | 128.3165   5.781713   31   1.493377   10.058 |
 374. | 128.4706   12.72922   31   2.659771    12.17 |
 375. | 128.6763    6.70062   25    1.99017   14.823 |
      |----------------------------------------------|
 376. | 128.8824   10.09157   29   1.202889   10.214 |
 377. | 128.9081   8.776696   31   1.080943   10.054 |
 378. | 129.3342   12.39508   32   1.562645   10.172 |
 379. | 129.5932   9.012388   29   1.440456   11.137 |
 380. | 129.6709   13.18922   30   1.213351   11.362 |
      |----------------------------------------------|
 381. | 129.7358   12.60256   27   1.370588   14.123 |
 382. | 129.9695   13.66722   30   1.158023   10.053 |
 383. | 129.9955   8.879099   29   1.067097   10.007 |
 384. | 130.1646   11.39757   27    1.40838   12.754 |
 385. | 130.4905   12.02034   29   1.537165   10.024 |
      |----------------------------------------------|
 386. | 130.5296   12.86873   29   1.104199   10.767 |
 387. | 130.7125   5.401626   29   1.089693   10.513 |
 388. | 131.2233   9.432866   30   1.196695       10 |
 389. | 131.2889   5.869092   32   1.594117   10.571 |
 390. | 131.3152   6.691915   27   1.043207   10.404 |
      |----------------------------------------------|
 391. | 131.4728   6.118396   29   1.360021   12.414 |
 392. | 131.5122   6.066004   28   1.285516   12.485 |
 393. | 131.6438   11.10616   29   1.595042   11.395 |
 394. | 132.0526   9.043986   30    1.71635   10.408 |
 395. | 132.0657   10.11076   32   1.461963   10.001 |
      |----------------------------------------------|
 396. | 132.2508   8.499438   32   2.370214   10.518 |
 397. | 132.3169    11.7013   32   1.513584    10.42 |
 398. | 132.5156   6.061759   17   2.509591   23.871 |
 399. | 132.9934   14.44574   28   1.212463   13.185 |
 400. | 133.2064   7.606476   32   2.026723    10.04 |
      |----------------------------------------------|
 401. | 133.8875    6.96641   31   1.404021   10.304 |
 402. | 134.0349   7.152772   29   1.365035   12.328 |
 403. | 134.3838   11.50406   29   1.826278   14.291 |
 404. | 134.3838   12.98766   32   1.491109   10.787 |
 405. | 134.4645   8.572849   28   1.423331   11.747 |
      |----------------------------------------------|
 406. | 134.5317   6.958055   28   2.010453   13.121 |
 407. | 134.5721   6.662535   28   2.549507   12.195 |
 408. | 134.8145   8.672005   28   1.663161   12.092 |
 409. | 134.9764   13.37116   29   1.347755   10.897 |
 410. |  135.098   12.39385   29   1.849324   10.457 |
      |----------------------------------------------|
 411. | 135.2196   11.63595   27   1.741453   13.396 |
 412. | 135.2467   10.31192   29   1.396404   10.734 |
 413. |  135.748   6.808011   29   1.635944   12.945 |
 414. | 136.4148   7.678314   26   1.065719   13.787 |
 415. |  136.483   9.941322   31   1.676117   10.177 |
      |----------------------------------------------|
 416. | 136.7562    6.10434   32   1.723884   12.876 |
 417. | 137.0848   14.59531   31   1.998906   10.001 |
 418. | 137.1946   14.79516   29   1.378616   11.483 |
 419. | 137.4554    8.88976   29    1.57775   12.293 |
 420. |  137.483   7.864036   27   1.835506   12.188 |
      |----------------------------------------------|
 421. |  137.483   8.415709   24   1.174427   15.908 |
 422. | 137.7031   10.85472   29   2.064359    12.97 |
 423. | 138.0616   8.112451   26   1.423758   16.945 |
 424. | 138.5318   10.03722   29   1.825511   11.947 |
 425. | 138.9064   5.636143   23   1.022368   17.524 |
      |----------------------------------------------|
 426. | 138.9341   14.34785   31   1.442734   10.201 |
 427. | 139.1149   5.962561   28   1.221005   13.239 |
 428. | 139.2959   9.834535   30   1.092346   10.002 |
 429. | 139.3237   7.620181   19   1.590359   21.628 |
 430. | 139.3237   10.50341   29   1.313375   10.954 |
      |----------------------------------------------|
 431. | 139.4352   7.067452   25   1.533388   15.112 |
 432. | 139.8401    13.7894   31   1.192364   10.006 |
 433. | 140.7943   13.20374   28   1.148194   10.973 |
 434. | 140.8929   13.61538   28   1.343637   12.072 |
 435. | 140.9493   11.14176   29    1.57734   11.963 |
      |----------------------------------------------|
 436. | 141.0057   8.141707   25   1.075401   12.848 |
 437. | 141.1044   5.262467   31   1.452723   10.003 |
 438. | 141.2314   14.31346   31   1.544407    11.61 |
 439. | 141.5142    10.0956   31   2.062998   10.537 |
 440. | 141.5708   14.26202   30   1.156238   10.108 |
      |----------------------------------------------|
 441. | 141.6841   7.440961   31   1.795745   10.086 |
 442. | 141.8259   6.113503   31   1.854769   10.015 |
 443. | 142.0956   6.561374   31   1.878249   10.022 |
 444. |  142.124   8.251541   30    1.46018   10.059 |
 445. | 142.1951   13.96285   27   1.965959   13.949 |
      |----------------------------------------------|
 446. | 142.4513   12.67207   31   1.028887    10.17 |
 447. | 142.9651   9.907578   30   1.559367   10.115 |
 448. | 143.2942   8.948626   26   1.341623   13.921 |
 449. | 143.7966   9.940329   30   1.224681   10.086 |
 450. |  144.171   7.963749   32   2.038593   10.333 |
      |----------------------------------------------|
 451. |  144.171     14.508   29   1.319694   10.194 |
 452. | 144.7199   9.673594   31   1.806913   10.013 |
 453. | 144.9226   7.249265   25   1.953768   15.634 |
 454. |  145.329   10.28411   28   1.548675   12.145 |
 455. | 146.0867   13.74947   28   1.298202   11.423 |
      |----------------------------------------------|
 456. | 146.1451   10.48662   31   1.666091   10.081 |
 457. | 146.3206   13.17604   30   1.060862       10 |
 458. | 146.3791   14.51525   31   1.914315   10.297 |
 459. | 146.4816   13.27125   31   1.876597    10.09 |
 460. | 146.6135   6.785582   30   1.268836   10.785 |
      |----------------------------------------------|
 461. | 146.7308   12.48091   25   2.080774   16.851 |
 462. | 146.8777   12.52341   31   1.601595   10.602 |
 463. | 147.1276   6.174945   27   2.205645   14.155 |
 464. | 147.1864   11.29771   30   1.913244   11.478 |
 465. | 147.5844   11.03862   21   1.163243   19.936 |
      |----------------------------------------------|
 466. | 147.8651   11.01436   31   1.641417   11.652 |
 467. | 148.1018    9.90857   24   1.719786   17.098 |
 468. |   148.25   5.645733   23   1.062944   17.135 |
 469. | 148.2797   5.295196   30    1.06272   10.786 |
 470. | 148.4874   14.45586   29   1.491765   12.892 |
      |----------------------------------------------|
 471. | 148.6806   8.555719   30    1.38464    11.67 |
 472. | 148.7698   11.45584   31   1.562989   10.445 |
 473. | 149.1869   7.574596   31   1.398444   10.085 |
 474. | 149.2018   12.29017   21   1.079966   20.046 |
 475. | 149.3362   5.779401   29   1.788791   11.149 |
      |----------------------------------------------|
 476. | 149.3362   8.879986   28   1.461904   12.452 |
 477. | 149.5305   6.977565   33   2.130805   10.072 |
 478. | 149.5603   11.40099   30   1.492242   10.684 |
 479. |   150.31   11.96637   28   1.717895   10.926 |
 480. | 150.7616   12.57109   27   1.001739   11.878 |
      |----------------------------------------------|
 481. | 151.2297   5.079943   21   2.590161    19.97 |
 482. | 151.9118   13.76873   31   1.328513    11.36 |
 483. | 152.7191   8.372897   30   1.827959   12.567 |
 484. | 152.7496   10.07241   28   1.018963   11.834 |
 485. | 152.8871   14.69636   30   1.438211   10.129 |
      |----------------------------------------------|
 486. | 153.1473   10.59307   28   2.319705   14.808 |
 487. | 153.4232    11.5953   32   2.214574   10.002 |
 488. | 154.0843   12.01193   25    1.71008   14.284 |
 489. | 154.0997   7.728385   29   2.645288   12.367 |
 490. |   154.47   9.614765   26   2.643437   16.528 |
      |----------------------------------------------|
 491. | 154.7019   14.68902   25   2.686126   15.111 |
 492. | 154.7638   5.607472   31   1.467969   10.797 |
 493. | 154.7947    10.6483   27   1.442359   13.138 |
 494. | 154.8102   13.41804   30   2.024494   11.143 |
 495. | 154.9031   13.73435   32   1.352588   10.115 |
      |----------------------------------------------|
 496. | 155.0892   7.519502   31   2.481939   11.679 |
 497. | 155.5395   10.15331   31    2.23455   11.024 |
 498. | 155.5551   11.58835   23   1.497594   18.903 |
 499. | 155.6484   14.90207   29   1.051248   11.111 |
 500. | 155.8353   6.199694   26   2.375434   15.266 |
      |----------------------------------------------|
 501. |  156.413   12.92418   31   1.668525   10.229 |
 502. | 156.6478   9.345548   33   1.732802   11.172 |
 503. | 156.8672   10.74242   30   1.487802   11.326 |
 504. | 156.9143    6.42181   32    2.10135   11.462 |
 505. | 157.0085   12.56481   30   1.475623   10.931 |
      |----------------------------------------------|
 506. | 157.1499   10.93097   30    1.50489   10.023 |
 507. | 157.2442   9.349287   30    1.68075   10.098 |
 508. | 157.3386   11.11616   28   2.378238   13.323 |
 509. | 157.8113   6.643906   29   1.643519   10.113 |
 510. | 158.1272   6.780834   29   1.275783   11.128 |
      |----------------------------------------------|
 511. |  158.428   9.269228   32   2.248897   11.015 |
 512. | 158.5548   5.085025   25   2.611279   16.363 |
 513. | 158.6975   13.88487   30   2.136096   10.776 |
 514. | 158.7451   7.785788   30   1.551683   10.135 |
 515. | 158.8245   10.92878   30   1.580024   12.705 |
      |----------------------------------------------|
 516. | 158.8722   6.371914   29   1.663993   10.331 |
 517. | 158.9517   6.827783   32   1.973049   11.465 |
 518. | 160.1803   6.087881   28   1.603422   13.782 |
 519. | 160.1803   12.10962   31   1.859449   10.013 |
 520. | 160.2925   9.353025   27   2.337355   13.082 |
      |----------------------------------------------|
 521. |  160.774   5.741382   32   1.834331    10.02 |
 522. | 160.9671   11.77054   33   1.368014   10.524 |
 523. | 161.0637   11.45584   26   1.234369   12.951 |
 524. | 161.9844   10.52233   27   1.483494    12.87 |
 525. | 162.0168   10.59837   27   1.226053    12.16 |
      |----------------------------------------------|
 526. | 162.5036   12.99416   31   1.333651   10.454 |
 527. | 162.5198   5.964946   31   1.865334   10.055 |
 528. | 162.5848   6.269522   30   1.325593    10.03 |
 529. | 162.6499   10.41347   31   1.921527   10.021 |
 530. | 163.0896   9.054845   33   2.357354   10.098 |
      |----------------------------------------------|
 531. | 163.1386   6.272657   26   1.128645   12.068 |
 532. | 163.4488   9.525763   21   1.508114   20.384 |
 533. | 163.7433   10.15941   30   1.180153   10.933 |
 534. | 163.7924   6.464334   30   1.647073   10.321 |
 535. | 164.2024   9.782549   29     2.0675   11.088 |
      |----------------------------------------------|
 536. | 164.4325   5.039465   29   2.453511   10.818 |
 537. | 164.6628   8.765293   33   2.065144   10.062 |
 538. | 165.0585   9.532433   27   2.168293   12.859 |
 539. | 165.1741   10.58037   30   2.123276   11.641 |
 540. | 165.4882   7.025877   32   2.083272   10.001 |
      |----------------------------------------------|
 541. |  165.571   6.544336   19   2.119499   21.848 |
 542. | 165.5875   11.29432   30   2.371209   12.071 |
 543. | 166.1847   5.744254   31   1.252498   10.046 |
 544. | 166.4675   12.71141   31   1.300072   10.346 |
 545. | 166.5508   7.307491   30   2.559828   12.904 |
      |----------------------------------------------|
 546. |  166.951   10.66002   26   2.077697    14.05 |
 547. | 168.1069   13.71239   31   2.114292   10.745 |
 548. |  168.612   14.80996   24   1.485542   16.966 |
 549. | 168.6288   7.440217   27    1.99583   13.778 |
 550. | 168.6963   5.036443   24   1.161393   15.752 |
      |----------------------------------------------|
 551. | 168.8482   8.912903   27   1.039294   13.935 |
 552. | 168.9495   5.889081   29   1.873147    11.18 |
 553. | 169.1523   13.42744   19   1.640268   22.778 |
 554. |   169.22    5.03745   29   1.007872   10.001 |
 555. | 169.9833   14.52397   32   1.972733   10.073 |
      |----------------------------------------------|
 556. | 170.2215   13.50014   28   1.095411   10.738 |
 557. | 170.2555   6.452064   30   1.722713   10.492 |
 558. | 170.6646   14.75969   30   1.737592   10.181 |
 559. | 170.8695    14.7361   30   1.678331   10.042 |
 560. | 171.2801   12.21299   26   1.249521   12.979 |
      |----------------------------------------------|
 561. | 171.5372    6.98315   29   2.554049   12.516 |
 562. |  171.623   7.153487   32   2.123785   10.002 |
 563. | 171.6573   7.911363   30   2.018228   10.563 |
 564. | 171.7603   9.732785   30   1.138676       10 |
 565. | 171.9665   7.170677   29   2.468622   12.962 |
      |----------------------------------------------|
 566. | 172.0182   9.280357   31   1.193349   11.329 |
 567. |  172.604    13.4167   29   1.282255    10.06 |
 568. | 172.6558   6.404494   32   2.371351   10.022 |
 569. | 172.6904   12.79174   31   2.241981   10.942 |
 570. | 172.7076   11.82836   27   1.458021   13.302 |
      |----------------------------------------------|
 571. | 173.5213   7.631619   29   1.715321   10.883 |
 572. | 174.5655   13.67269   30   2.182607    10.18 |
 573. | 175.6687   14.87676   31   2.116577       10 |
 574. | 176.4433   12.64295   29   2.321236   13.226 |
 575. | 176.5493   13.14051   31    1.98401   10.073 |
      |----------------------------------------------|
 576. | 176.9912   9.829617   30   2.202559   13.009 |
 577. | 177.2569   7.769455   30   1.637941   12.323 |
 578. | 177.3278   5.980475   30   2.154804   11.478 |
 579. | 177.8784   7.598874   25   1.427322   16.689 |
 580. | 178.0207   13.80043   29   1.604705   11.291 |
      |----------------------------------------------|
 581. | 178.0741     14.508   29   1.452404   11.859 |
 582. | 178.3771   11.10061   33   2.371162    10.07 |
 583. | 178.6449   14.53704   30   1.083096   10.012 |
 584. | 178.9309   13.91824   31   1.771949   10.001 |
 585. | 179.1279   6.671201   25   2.595191   16.316 |
      |----------------------------------------------|
 586. |  180.242   10.72524   29   1.018317   10.641 |
 587. | 181.1092      8.841   31   2.315209   12.388 |
 588. | 181.2904   10.90368   30   1.314032   11.162 |
 589. | 181.3991   5.859123   25   1.162964   14.168 |
 590. | 181.4899   14.96629   29    1.02988    10.04 |
      |----------------------------------------------|
 591. | 182.2173   7.838128   21    2.17107   19.635 |
 592. | 182.8562   10.94957   28     1.7671   11.729 |
 593. | 182.8745   12.75088   30   2.109097   11.873 |
 594. | 182.8928   7.102167   31   1.650371   10.733 |
 595. | 182.9111   14.24919   29   1.076056   10.176 |
      |----------------------------------------------|
 596. | 182.9476   13.32178   29   2.259221   10.593 |
 597. | 183.2589   14.30773   31   1.355513   10.258 |
 598. | 183.8831   11.92336   30   1.403628   10.513 |
 599. |   184.62   11.96278   30   1.734293   10.043 |
 600. | 184.9897   9.751294   32   2.279326   10.142 |
      |----------------------------------------------|
 601. | 185.2118   13.05407   30   1.752775   11.466 |
 602. | 185.3971   13.26064   30    1.32931   10.947 |
 603. | 185.4898   6.568595   32   1.919952   10.209 |
 604. | 185.6197   5.617013   31   2.001626   10.796 |
 605. | 185.7125   6.033939   27   2.161538   13.368 |
      |----------------------------------------------|
 606. | 186.3451   13.38855   29   1.520775   10.588 |
 607. | 186.4382    7.90978   31   1.518799   10.006 |
 608. | 187.0732   5.664394   29   1.931004   12.443 |
 609. | 187.0732   13.21695   30    2.08144    12.39 |
 610. | 188.2931   13.30181   31   1.801285   12.527 |
      |----------------------------------------------|
 611. | 188.5947   14.17387   30   1.589819   10.136 |
 612. | 189.4642   12.81607   31   1.331998   10.242 |
 613. | 189.5021   6.243868   29   2.367229   12.389 |
 614. | 189.5969   6.683221   29   1.655561   12.126 |
 615. | 189.9195   12.69871   31   2.444205   10.069 |
      |----------------------------------------------|
 616. | 190.1665   7.377981   24   2.168466   17.336 |
 617. | 190.5663   11.12061   26   1.135451   15.785 |
 618. | 191.3109   7.990075   30   1.457321   10.114 |
 619. | 191.4832   9.806054   31   2.223806   10.179 |
 620. |  191.579   5.673465   27   2.215903   15.515 |
      |----------------------------------------------|
 621. | 191.8281   5.803725   30   2.375719   10.693 |
 622. | 191.9817   14.08486   28    1.60432   13.083 |
 623. | 192.5007   10.79518   29   2.650425   11.954 |
 624. | 192.5393   14.04126   31   2.111376   10.052 |
 625. | 192.6163   5.457551   26   2.078279   14.028 |
      |----------------------------------------------|
 626. | 192.8282   13.59225   31   2.198906   10.035 |
 627. | 193.1564   6.334431   30   2.368129   10.768 |
 628. | 193.1564   14.36651   31   2.011619   10.172 |
 629. | 193.6011   9.475409   27   1.219882   10.883 |
 630. | 193.8142   11.61968   28   1.657052   11.307 |
      |----------------------------------------------|
 631. |  193.853   6.113503   29   1.236791   13.076 |
 632. | 194.6494   11.54209   29   1.392833   10.743 |
 633. | 194.7272   9.821757   30    2.11408   11.732 |
 634. | 194.8442   10.05329   28   1.478192   11.869 |
 635. | 194.8442   14.53704   24   2.552823   16.632 |
      |----------------------------------------------|
 636. | 194.9026   10.51182   28    1.88857   13.382 |
 637. | 195.3123   5.825239   30   2.648782   10.612 |
 638. | 195.5664   14.11305   27     1.0255    10.42 |
 639. |  195.625   12.59626   30   1.389189   11.385 |
 640. | 196.0559   14.10318   23   2.137849   17.697 |
      |----------------------------------------------|
 641. | 196.2129   12.13022   30   1.173028   10.003 |
 642. | 196.4288   7.062507   30   1.644013   10.476 |
 643. | 196.4877   10.31604   31   2.136823   11.032 |
 644. | 196.8614    6.06661   29   1.320698   12.385 |
 645. | 197.5912   14.16962   31   2.170549   11.287 |
      |----------------------------------------------|
 646. | 198.0858   10.59837   29   1.660569   12.466 |
 647. | 198.3236   8.226002   31   1.713195   10.378 |
 648. | 198.6809   14.22357   11   2.091204   30.967 |
 649. | 199.4772   13.59497   33   1.444264   10.201 |
 650. | 199.7767   5.912093   30   2.211343     12.5 |
      |----------------------------------------------|
 651. | 200.0165    14.6626   28   2.651061   14.375 |
 652. | 200.1166   12.79302   28   1.148432     10.4 |
 653. | 200.3369   13.50554   31   2.463443   10.206 |
 654. | 200.4771   7.500728   30   2.687362   11.606 |
 655. | 200.8986   6.012857   27   2.199038   13.619 |
      |----------------------------------------------|
 656. |  200.999   12.21421   30    1.48685   11.329 |
 657. | 201.0191   12.01914   31   1.444033   10.389 |
 658. | 201.2604   9.059374   32   2.275774   10.089 |
 659. |  201.603   10.76608   29   1.474443   13.123 |
 660. |  201.845    13.8253   30   2.151704   10.167 |
      |----------------------------------------------|
 661. | 202.1277   9.449862   30   1.628664     10.1 |
 662. | 202.6134   10.77685   29   2.242071   11.502 |
 663. | 202.7959   13.82806   30   1.284513   10.015 |
 664. | 202.9379   14.69343   31   1.615589   10.112 |
 665. | 203.2222   11.17635   31   1.807745   10.372 |
      |----------------------------------------------|
 666. | 203.3035   14.45008   31   2.274954   10.821 |
 667. | 203.4052   10.86232   31   1.995311   10.521 |
 668. | 203.6494   11.97235   28   2.394849   11.997 |
 669. | 203.7105   5.919785   32    2.19096    10.55 |
 670. | 204.7726   9.361447   31   1.468498   10.661 |
      |----------------------------------------------|
 671. | 204.9979   10.10571   33   1.864625   10.293 |
 672. | 205.0185   7.205899   32   2.609817   10.559 |
 673. | 205.1415    11.9556   29   2.405794   11.144 |
 674. | 205.2646   5.571142   30   1.642205   10.004 |
 675. | 205.4495   10.14418   31   2.423566   10.928 |
      |----------------------------------------------|
 676. | 205.5933   12.15451   27   2.478566   16.016 |
 677. | 205.6344   12.94876   27     2.0368   13.979 |
 678. | 205.9843   7.249989   31   2.454787    10.88 |
 679. | 206.0049   5.728765   20   2.031877   21.279 |
 680. | 206.1904   9.249783   29   1.589151   10.125 |
      |----------------------------------------------|
 681. |  206.211   7.139195   33   1.552676   10.286 |
 682. | 206.9134   8.004468   30   1.308917   11.328 |
 683. | 206.9754   14.27058   34   2.650584   10.029 |
 684. | 207.2654   13.70965   30   1.254453   10.013 |
 685. | 207.3483   10.05731   30   1.469938   10.151 |
      |----------------------------------------------|
 686. | 207.5142   11.76348   32    1.65944   10.478 |
 687. | 207.5972   6.779478   27   1.280154   12.168 |
 688. | 208.2835   12.43606   28   1.843194   12.838 |
 689. | 209.0765   13.57324   30   1.062348   10.069 |
 690. | 209.2019   8.942364   32   1.760433    10.19 |
      |----------------------------------------------|
 691. | 209.2019   11.04304   31   1.773793   11.514 |
 692. | 209.9564   10.66322   29     1.3463   10.924 |
 693. | 210.1454   6.560718   32   2.088989   10.763 |
 694. | 210.6505   8.790751   29   2.319148   12.349 |
 695. | 210.9245   14.78629   23   1.324533   16.076 |
      |----------------------------------------------|
 696. |  212.725   9.639795   24   1.329842   17.979 |
 697. | 213.7912   14.02582   24   1.291572   14.944 |
 698. |  214.734   10.53497   31   1.476302   10.287 |
 699. | 214.8628   14.81737   31   1.326123   10.388 |
 700. | 214.9488   12.97468   28   1.194402   12.823 |
      |----------------------------------------------|
 701. | 215.1424   11.13062   27   1.563302   10.934 |
 702. | 215.1424   14.11023   32   2.585916   10.355 |
 703. | 215.3361    13.9992   31   1.797865   10.001 |
 704. | 216.5453   11.83191   29   2.526058    11.94 |
 705. | 216.8487   9.948283   31   1.735091   10.168 |
      |----------------------------------------------|
 706. | 217.1091   11.78468   33   2.410369   10.212 |
 707. | 217.6308   9.031334   32   2.165822   10.557 |
 708. | 217.8485   7.508232   30   2.410466   13.536 |
 709. | 218.3284   11.59646   25   1.327928     17.3 |
 710. | 219.6203   14.65087   32   2.201722   10.487 |
      |----------------------------------------------|
 711. | 221.6722   11.66392   29   1.186887   10.245 |
 712. | 222.1161   13.38855   31   1.846663   10.597 |
 713. | 222.1382   14.90803   22   2.545228   17.813 |
 714. |  222.316   13.98521   26   1.836534   15.838 |
 715. |  222.405   5.687097   32   2.585865   10.003 |
      |----------------------------------------------|
 716. | 222.7834   9.829617   29   1.342482   10.894 |
 717. |  222.984   13.12869   31   2.110236   10.197 |
 718. | 223.1402   5.865571   30   2.548691   10.887 |
 719. | 223.7434   6.857892   30   2.476138   12.135 |
 720. | 224.0793   7.081601   33   1.902978    10.63 |
      |----------------------------------------------|
 721. | 224.4381   9.141276   30   1.466737   10.039 |
 722. | 224.8874   14.71107   30   2.082481   11.339 |
 723. |  224.955   11.77996   31   2.070148   10.017 |
 724. | 225.0224   10.23282   33   2.065475    10.41 |
 725. |   226.06   11.19201   31   2.235399   11.414 |
      |----------------------------------------------|
 726. | 226.5125   12.28526   30   1.865408    10.66 |
 727. | 226.8071   5.942916   29   1.932742   12.246 |
 728. | 228.2178   5.270367   31   1.510922   10.036 |
 729. | 228.2634    13.9964   30   1.267771   10.135 |
 730. | 228.7661   12.28771   30   1.687318   11.642 |
      |----------------------------------------------|
 731. | 229.0637   13.85713   30   1.620055   10.479 |
 732. | 229.4304   6.334431   31   1.840027   10.007 |
 733. | 229.6371   14.22925   32   2.221405   10.051 |
 734. | 230.0508   8.388821   30   1.503356   10.073 |
 735. | 230.0968    7.60952   31   1.171007    10.42 |
      |----------------------------------------------|
 736. | 230.1658   8.884427   19   1.382509    20.51 |
 737. | 230.1888    12.3037   30   1.493885    10.69 |
 738. | 230.6958   14.94385   29   1.495738    11.06 |
 739. | 230.9266   10.44267   31   1.944296   10.002 |
 740. | 231.1808   9.298006   32   2.434935   11.575 |
      |----------------------------------------------|
 741. | 231.2733   12.46968   31   2.690912   10.002 |
 742. | 232.8513   9.413078   29   2.008202   10.624 |
 743. |  233.061   7.153487   31   2.185796   11.219 |
 744. | 234.5573   11.32599   30   1.849361   11.684 |
 745. | 234.6746   9.491532   32   2.477624   10.562 |
      |----------------------------------------------|
 746. |  234.745   10.15331   30   2.365856   13.382 |
 747. | 236.4886    10.7006   27    1.68725   14.205 |
 748. | 239.7268   11.13396   30    1.18266   10.027 |
 749. | 240.5914    9.00428   29   1.111931   10.172 |
 750. | 241.1454   9.311032   26   2.305828   16.863 |
      |----------------------------------------------|
 751. | 241.7249   6.109837   26   2.333338   13.884 |
 752. | 241.7732   12.44974   30    1.89201   11.206 |
 753. | 242.6208   9.157746   23   2.692419    19.26 |
 754. | 242.7664   13.03841   29   1.362907   11.991 |
 755. | 242.8394   9.811941   25   1.810024   16.149 |
      |----------------------------------------------|
 756. | 244.1054   7.546622   32   1.394394   10.106 |
 757. | 244.4719   10.93316   34   2.599606   10.157 |
 758. |  245.329   12.64801   29   1.782256   10.003 |
 759. |  247.077   9.823722   29   1.804349    10.27 |
 760. | 247.1758   13.03711   31   1.237607   10.356 |
      |----------------------------------------------|
 761. | 247.3242   5.504137   32   1.999986   10.043 |
 762. |  247.646   12.94099   27   2.496226   14.476 |
 763. | 248.5142   5.494238   21   2.191355   19.824 |
 764. | 248.7379   6.494788   33   2.486609   10.292 |
 765. | 249.0616   7.595835   27   1.759377   12.813 |
      |----------------------------------------------|
 766. | 250.9365   6.510394   31   2.447483   10.188 |
 767. | 251.0369    12.9682   30   1.813176   11.777 |
 768. | 251.1875   12.53594   28   1.379802   12.461 |
 769. | 251.3132   11.56982   29   1.602588   10.994 |
 770. | 251.5144   6.737574   29   2.447581   13.247 |
      |----------------------------------------------|
 771. | 251.7156   12.12901   27   2.283707   14.033 |
 772. | 252.4467   11.00115   31   1.808468    10.66 |
 773. | 253.7375   13.63582   31   2.297588    10.93 |
 774. | 254.0421   10.46043   27   2.120008   12.207 |
 775. | 254.2962    8.66767   30   1.998626   10.613 |
      |----------------------------------------------|
 776. | 254.4743   7.375031   32   1.566369   10.162 |
 777. | 254.4998   13.54476   31   2.614728   11.044 |
 778. | 254.9583    10.3802   30   2.270545    10.15 |
 779. | 255.6732   7.397189   31   1.603069   10.831 |
 780. | 255.7243   11.49601   28   1.527848   10.027 |
      |----------------------------------------------|
 781. |  256.775    11.8639   27   1.738356   14.036 |
 782. | 257.3148   12.18981   32   1.749447   10.145 |
 783. | 257.3404   6.610108   27   1.889893   15.365 |
 784. | 257.3404   14.53704   31    1.58896   10.246 |
 785. | 257.5464   10.84279   30   2.405505   12.445 |
      |----------------------------------------------|
 786. | 258.2427   9.287784   31   1.566619   10.663 |
 787. | 258.6563   14.25347   30   1.034937   10.072 |
 788. | 258.9669   13.63446   30   1.165106   10.026 |
 789. | 259.0186   14.47467   32   1.851507   10.003 |
 790. | 259.5891   11.39529   31   1.675279   10.002 |
      |----------------------------------------------|
 791. | 259.8748   12.71141   27   1.169553    14.72 |
 792. | 260.1349   10.76069   33   1.904729   11.313 |
 793. |  260.369   7.990075   30   1.946358   10.557 |
 794. | 261.1774   6.922659   30   1.277928   11.231 |
 795. | 262.4866   13.74672   31   1.380713   11.112 |
      |----------------------------------------------|
 796. | 262.5916   12.62653   32   1.379278   10.233 |
 797. | 262.7492    10.3181   32    2.01182   10.762 |
 798. | 263.7759   7.813086   28   1.653675   10.817 |
 799. | 264.1454    8.75128   29   2.136523    12.51 |
 800. | 264.4627   11.49486   30   2.630043   10.757 |
      |----------------------------------------------|
 801. | 264.7007   8.775818   30   1.362471   10.782 |
 802. | 264.8067   12.94099   32   2.436396       10 |
 803. | 265.0981   8.545459   28   2.365809   13.367 |
 804. | 266.0009   10.97149   28   1.193672   10.034 |
 805. | 266.0807    5.44828   28   1.933516   13.071 |
      |----------------------------------------------|
 806. | 266.5868   9.900645   28   1.665724   12.389 |
 807. | 269.0508   13.04233   33   2.074085   10.912 |
 808. | 269.5624   11.33845   33   1.785253    10.23 |
 809. | 269.7243   10.30573   30   1.359994   10.031 |
 810. | 269.9671   12.45722   30   1.501974   10.827 |
      |----------------------------------------------|
 811. | 271.3203   10.09863   30   1.872773     10.2 |
 812. | 271.8091     12.667   29   1.556251   10.037 |
 813. | 272.4077   11.85441   32   2.226298   10.242 |
 814. | 275.0904   6.399373   30    2.32593   12.712 |
 815. | 275.3106   12.44352   30   2.028061    12.35 |
      |----------------------------------------------|
 816. | 275.4483   13.32444   33   2.037737    10.04 |
 817. | 276.4693   14.66113   29   2.472179    10.61 |
 818. | 277.9107   13.81839   30   1.218109   11.538 |
 819. |  278.161   7.967734   32   2.406035   10.521 |
 820. | 278.5786   11.13285   19   2.583332   21.401 |
      |----------------------------------------------|
 821. | 278.6621   12.40501   29   2.461572   10.068 |
 822. | 278.9689   14.79516   28   2.568803   14.016 |
 823. | 279.3317   8.089767   30   2.116365   10.135 |
 824. | 279.5832   14.47033   26   1.465417    14.08 |
 825. | 279.7231   12.86873   30   1.261978   10.599 |
      |----------------------------------------------|
 826. | 279.9189   11.12395   32   2.179597   10.409 |
 827. | 280.2551    8.74166   32   1.404273   10.081 |
 828. | 281.3501   11.05409   30    1.95045    10.31 |
 829. | 281.9698   6.421167   33   2.144743       10 |
 830. | 282.2238   13.89182   32     2.0439   10.075 |
      |----------------------------------------------|
 831. | 283.3264   13.92241   30   1.597468   10.739 |
 832. | 283.4682   8.351156   32   2.658388   10.271 |
 833. | 285.0886   6.648558   30   2.674226   11.969 |
 834. | 286.2885   10.83953   31   2.082023   10.401 |
 835. | 286.4603   10.00215   28   1.736758   14.466 |
      |----------------------------------------------|
 836. | 286.6036   11.10061   29   2.706023   12.347 |
 837. | 288.7035   13.16814   32    2.35208   10.378 |
 838. | 288.9923   13.22753   31   1.926259   10.077 |
 839. | 289.4839   10.67709   31   2.022552   10.487 |
 840. | 289.7157   12.01313   29    2.48184   12.168 |
      |----------------------------------------------|
 841. | 289.8606   6.042996   29   2.299243    14.27 |
 842. | 291.2844   6.900542   31   2.164869   10.215 |
 843. | 291.4008   12.43979   29   2.462261   11.876 |
 844. | 291.6049   12.94099   28   2.364437   12.595 |
 845. | 291.8675   13.62628   31   1.573591   10.156 |
      |----------------------------------------------|
 846. | 292.1595       8.98   28   1.628697   11.198 |
 847. | 293.5066   9.483941   27    2.28252   12.592 |
 848. |  293.624   14.80552   31    1.27186   10.694 |
 849. | 294.5651   6.161992   28   2.566595   14.589 |
 850. | 294.9778   12.02515   31   2.050821   10.025 |
      |----------------------------------------------|
 851. | 295.0367   7.224658   30    2.06502   12.674 |
 852. | 295.1844   13.30713   31   2.040551   11.546 |
 853. | 295.9528   5.835734   31   2.393268   10.647 |
 854. | 297.8232    12.4909   33   2.537654   10.037 |
 855. | 298.2703      14.85   32   1.649711   10.217 |
      |----------------------------------------------|
 856. | 298.3597   5.014331   24    2.46039    18.03 |
 857. | 300.0053   11.77878   31   2.503726   11.241 |
 858. | 300.8765     13.629   30   1.865035   11.059 |
 859. | 302.0825    6.19102   34   2.709435   10.023 |
 860. |  302.869   8.620992   32   1.813067   10.843 |
      |----------------------------------------------|
 861. | 303.3539   14.34211   28   1.479287   10.852 |
 862. | 303.4753   7.283416   29    2.35627   12.056 |
 863. | 306.4026   13.83636   30   1.213987   10.214 |
 864. | 308.3391   12.53093   31   1.932549   10.034 |
 865. | 310.7225   11.54093   28   2.149037   13.384 |
      |----------------------------------------------|
 866. | 313.2496    12.6076   33   2.204807   10.223 |
 867. | 313.6256   9.967202   32   2.427155   10.012 |
 868. | 313.6884   14.61429   29   2.193503   10.972 |
 869. |  314.505    12.0444   29    2.23889   11.761 |
 870. | 315.7971   12.92289   31   2.203925   10.227 |
      |----------------------------------------------|
 871. | 319.7054   13.46509   29   2.482237   12.861 |
 872. | 320.7943   11.15179   30   1.154716   10.883 |
 873. | 320.8584   13.41938   30     1.5251   10.006 |
 874. | 324.2128   9.165992   30   2.571219   12.669 |
 875. | 325.7727   10.18891   30   2.289607   11.063 |
      |----------------------------------------------|
 876. | 326.6208   8.848077   30   2.134345   12.523 |
 877. | 329.3761   11.29432   28   1.895267   12.541 |
 878. | 330.3326    8.14741   31   1.418982   10.174 |
 879. | 330.3656   8.558286   29   1.981789       10 |
 880. | 332.4202   13.22091   30   1.578918   11.526 |
      |----------------------------------------------|
 881. |  333.419   12.06972   33   2.568187    10.39 |
 882. | 334.0865   11.16072   28   1.425981   14.059 |
 883. | 334.5545   12.74833   32   2.601739   10.079 |
 884. | 336.0299   12.59626   31   2.549864   10.422 |
 885. | 336.1307   8.604626   32   2.280649   10.522 |
      |----------------------------------------------|
 886. | 336.1642   14.59677   29   1.847512   13.345 |
 887. | 336.2315   11.12061   33   2.563466   10.211 |
 888. | 337.5116   14.57926   27    1.82763   12.745 |
 889. | 342.7838   9.917492   28   2.271272   11.467 |
 890. | 343.0239   11.32712   31   2.065764   10.628 |
      |----------------------------------------------|
 891. | 345.1917   11.04193   27   1.415553   12.161 |
 892. | 345.2953   7.345589   31   2.258769    11.02 |
 893. |  346.125   11.10172   26   1.909497   15.556 |
 894. | 347.0955   8.693712   31   2.489346   10.176 |
 895. | 347.8948   7.733025   25   1.959991   16.945 |
      |----------------------------------------------|
 896. | 348.0687   8.554865   31   2.493133   10.945 |
 897. | 348.3473   9.092956   25   2.337448   16.843 |
 898. | 349.1843   13.79078   32   2.679955   10.795 |
 899. | 349.9184   7.997267   33   2.383905   10.246 |
 900. | 356.3808   10.60261   32   2.176765   10.003 |
      |----------------------------------------------|
 901. | 357.0587   12.31847   33   2.386433   10.256 |
 902. | 358.1314   13.52717   32   1.769895   10.009 |
 903. | 358.2747   6.101899   31   2.666109    11.73 |
 904. | 361.0079   13.92381   30   2.021986   11.492 |
 905. | 362.4549   6.691915   31   2.629254   10.002 |
      |----------------------------------------------|
 906. | 367.2343   13.16156   28   2.250787   11.453 |
 907. |  367.712   9.454587   31   1.706629   11.166 |
 908. | 368.1536   10.72846   30   2.200094   10.654 |
 909. | 368.1903   8.671139   30   1.543234   10.378 |
 910. | 371.5933   12.12173   25   2.517333   17.416 |
      |----------------------------------------------|
 911. | 372.2255   7.137767   29   2.692096   12.815 |
 912. | 374.3533    7.05051   31   2.702399   10.058 |
 913. | 375.8161   8.805707   31   2.270364   11.802 |
 914. | 378.2291   11.02097   33   1.895419   10.185 |
 915. | 378.4561   5.528962   32   2.152436   10.022 |
      |----------------------------------------------|
 916. | 378.6832   11.58835   27   1.586388   12.687 |
 917. | 379.9349   10.27897   32   2.372822   10.051 |
 918. | 381.0384   7.403108   29   2.357826   11.753 |
 919. | 381.6485   12.49339   32   2.642063   10.068 |
 920. | 382.3361   5.237268   31   2.657803   11.376 |
      |----------------------------------------------|
 921. | 382.7952   6.397454   33   1.969304   10.511 |
 922. | 384.4063   8.055056   30    2.36009   11.042 |
 923. | 384.8678   7.672941   31    2.64767   10.037 |
 924. | 389.5531   10.56028   32   1.982661   10.068 |
 925. | 390.1768   12.13386   25   1.428122   15.513 |
      |----------------------------------------------|
 926. | 390.5671   9.487736   30   2.541463   11.394 |
 927. | 393.9012   9.652336   31   1.849842   10.839 |
 928. | 396.7476   7.109273   31   1.874271   11.679 |
 929. | 396.8268   10.12999   32   2.132766   11.001 |
 930. | 396.9061   12.74323   31   2.468474   10.165 |
      |----------------------------------------------|
 931. | 397.4622   7.575353   30   2.403245   12.429 |
 932. |  397.661   6.829149   28   2.522978   14.113 |
 933. | 398.4571   11.09173   32   1.916192   10.183 |
 934. | 400.7348   5.554453   30   2.429584    12.83 |
 935. | 403.6306   5.546682   31   2.427301   10.084 |
      |----------------------------------------------|
 936. | 407.1983   7.763242   28   2.049509   13.073 |
 937. | 407.7687    9.04308   22   2.575851    19.71 |
 938. | 412.3201   14.27486   29    2.06812   12.144 |
 939. | 413.0216   10.61003   31   2.517283   10.875 |
 940. | 413.3936   8.124628   26   1.921142    15.81 |
      |----------------------------------------------|
 941. | 416.2975   7.409034   30    2.16396   11.668 |
 942. | 416.7973   10.43849   32   2.330587    10.08 |
 943. | 418.2167   11.10616   31    1.83019   10.008 |
 944. | 418.5096   14.60553   31   2.394753   10.006 |
 945. | 422.7158    8.32614   29   2.604602   13.031 |
      |----------------------------------------------|
 946. |  425.047   14.41112   31   2.104883   10.642 |
 947. | 427.9473   14.50654   31   2.127143   11.965 |
 948. |  428.804   12.86487   32   2.123361   11.627 |
 949. | 429.5335   12.85329   30    1.56449       10 |
 950. | 430.4365   14.90356   32   2.514314   11.456 |
      |----------------------------------------------|
 951. | 431.2552   14.68167   29   1.355893   11.351 |
 952. | 431.9456   9.478253   32   2.508688   10.051 |
 953. | 433.2435   11.11505   32   1.981353   10.245 |
 954. | 433.4169   12.59122   28   1.525832   12.405 |
 955. | 437.4228   12.81735   32   2.540802   10.108 |
      |----------------------------------------------|
 956. |  438.693   13.20374   33   2.667282   11.357 |
 957. | 445.1894   11.84256   34   2.394992   10.233 |
 958. | 445.6794   10.40098   30   2.020692   10.255 |
 959. |  446.661   9.899656   27   2.606322   11.388 |
 960. | 447.6448   9.277575   27   2.612898   16.405 |
      |----------------------------------------------|
 961. | 449.7087   13.37785   33   2.629149   10.301 |
 962. | 462.4785    12.6556   31   1.915924   11.167 |
 963. | 463.9608   11.23125   30   2.267641   10.851 |
 964. | 464.2392   7.090104   29   2.161581   13.908 |
 965. | 466.4728   12.99676   29   2.670538   10.929 |
      |----------------------------------------------|
 966. | 466.8462   14.11446   31   1.438269   10.002 |
 967. | 479.7188   14.93041   32   2.510194    10.07 |
 968. | 483.7654   10.61109   30    2.08544   11.892 |
 969. | 497.6016   14.13424   31   1.631631   11.328 |
 970. | 497.7013   9.523857   31   1.245778    10.08 |
      |----------------------------------------------|
 971. | 500.0461   8.933427   33   2.294099   10.034 |
 972. | 507.0959   9.447971   27   2.543599   13.062 |
 973. | 514.5537   8.542896   32    2.55165   10.296 |
 974. |  514.914    12.9061   31   2.342925   10.118 |
 975. | 519.6732   8.586575   32    2.40772   10.327 |
      |----------------------------------------------|
 976. | 520.1409   10.15027   30   2.266099   10.052 |
 977. | 520.3491   11.19873   28   1.633296   13.457 |
 978. | 523.1143   7.320656   31   1.628045   10.038 |
 979. | 524.1093   13.30048   31   1.838592   11.345 |
 980. | 540.1788   11.30901   33   2.594723    10.06 |
      |----------------------------------------------|
 981. | 546.5905   13.85713   32   2.373534   11.398 |
 982. | 548.7814   9.621498   33   2.556298   10.089 |
 983. | 554.5184    9.30824   30   2.238352   12.299 |
 984. | 566.0599   14.14414   31   2.592286   11.476 |
 985. | 567.0232   13.00066   31   1.553142   10.533 |
      |----------------------------------------------|
 986. | 578.5934   12.68474   32    2.42158   10.147 |
 987. |  580.738   14.80848   35   2.318035   10.001 |
 988. |  583.649   8.795147   31   2.480748   10.818 |
 989. | 599.5625   6.205276   32   1.819097   10.009 |
 990. | 610.2079   7.056859   33   2.358864   10.004 |
      |----------------------------------------------|
 991. | 620.1121   8.031731   31   2.247548   10.069 |
 992. | 633.0187   14.23779   32   2.331659   10.101 |
 993. | 638.7415   12.43232   29   2.216258    11.91 |
 994. | 676.4103   6.776089   29   2.469609   11.236 |
 995. | 678.3749   14.54868   30    2.40955   11.444 |
      |----------------------------------------------|
 996. | 681.7753   14.76855   29   2.054392   12.414 |
 997. | 691.3873    13.4597   30   2.591819   10.402 |
 998. |  712.087   13.49609   25    2.70873   16.835 |
 999. |  857.482   12.45223   31   2.269955    11.09 |
1000. | 1433.107   10.13505   30   2.377239   12.614 |
      +----------------------------------------------+

. ssummarize;
command ssummarize is unrecognized
r(199);

. summarize

    Variable |        Obs        Mean    Std. Dev.       Min        Max
-------------+---------------------------------------------------------
           Y |      1,000    189.9616    125.6017   31.59819   1433.107
           K |      1,000    10.12472    2.867035   5.014331   14.97227
           L |      1,000       29.03    3.224825          7         35
         PHI |      1,000    1.747864    .4794871   1.000688   2.712742
           W |      1,000    12.06449    3.005057         10     35.574

. generate y = log(Y)

. generate k = log(K)

. generate l = log(L)

. generate phi = log(PHI)

. generate w = log(W)

. *summary of the log of variables Y K L PHI W

. summarize

    Variable |        Obs        Mean    Std. Dev.       Min        Max
-------------+---------------------------------------------------------
           Y |      1,000    189.9616    125.6017   31.59819   1433.107
           K |      1,000    10.12472    2.867035   5.014331   14.97227
           L |      1,000       29.03    3.224825          7         35
         PHI |      1,000    1.747864    .4794871   1.000688   2.712742
           W |      1,000    12.06449    3.005057         10     35.574
-------------+---------------------------------------------------------
           y |      1,000    5.067363    .5942539     3.4531     7.2676
           k |      1,000    2.271252     .303273     1.6123     2.7062
           l |      1,000    3.360272    .1375523    1.94591   3.555348
         phi |      1,000    .5200084    .2793744   .0006878   .9979599
           w |      1,000    2.467528    .1991691   2.302585   3.571615

. *regression of y on k l phi

. regress y k l phi

      Source |       SS           df       MS      Number of obs   =     1,000
-------------+----------------------------------   F(3, 996)       =    156.65
       Model |  113.095992         3  37.6986639   Prob > F        =    0.0000
    Residual |  239.688557       996  .240651162   R-squared       =    0.3206
-------------+----------------------------------   Adj R-squared   =    0.3185
       Total |  352.784549       999  .353137687   Root MSE        =    .49056

------------------------------------------------------------------------------
           y |      Coef.   Std. Err.      t    P>|t|     [95% Conf. Interval]
-------------+----------------------------------------------------------------
           k |   .3330635   .0513571     6.49   0.000      .232283    .4338439
           l |   .6970195   .1143433     6.10   0.000     .4726381    .9214009
         phi |   1.051428   .0561812    18.71   0.000      .941181    1.161675
       _cons |   1.421965   .3904232     3.64   0.000      .655818    2.188111
------------------------------------------------------------------------------

. *Instrumental variable regression analysis to estimate alpha and beta

. ivreg y k (l=w)

Instrumental variables (2SLS) regression

      Source |       SS           df       MS      Number of obs   =     1,000
-------------+----------------------------------   F(2, 997)       =     26.83
       Model |   27.268601         2  13.6343005   Prob > F        =    0.0000
    Residual |  325.515948       997  .326495434   R-squared       =    0.0773
-------------+----------------------------------   Adj R-squared   =    0.0754
       Total |  352.784549       999  .353137687   Root MSE        =     .5714

------------------------------------------------------------------------------
           y |      Coef.   Std. Err.      t    P>|t|     [95% Conf. Interval]
-------------+----------------------------------------------------------------
           l |    .722156   .1474622     4.90   0.000      .432784    1.011528
           k |   .3012335   .0598038     5.04   0.000     .1838777    .4185894
       _cons |   1.956544   .5034798     3.89   0.000     .9685426    2.944546
------------------------------------------------------------------------------
Instrumented:  l
Instruments:   k w
------------------------------------------------------------------------------

. log close
      name:  <unnamed>
       log:  H:\ECON_404_PriceOrg_Yuya\HW1_LogFile.log
  log type:  text
 closed on:  24 Apr 2019, 17:53:15
--------------------------------------------------------------------------------------------------
